           0.00567           0.00924           0.00377
           0.00414           0.00673           0.00275
           0.00322           0.00522           0.00214
           0.00275           0.00443           0.00182
           0.00242           0.00385           0.00160
           0.00226           0.00354           0.00148
           0.00220           0.00338           0.00143
           0.00219           0.00326           0.00141
           0.00233           0.00334           0.00147
           0.00257           0.00356           0.00160
           0.00298           0.00395           0.00182
           0.00364           0.00462           0.00218
           0.00466           0.00572           0.00276
           0.00625           0.00747           0.00365
           0.00870           0.01023           0.00505
           0.01252           0.01460           0.00724
           0.02242           0.02618           0.01299
           0.00076           0.00112           0.00049
 *** Error on w, with  Om0, ob0, ok0 and  H0 marginalized over ***
 The Fisher Matrix = [   0.0000000       0.0000000       0.0000000       0.0000000       0.0000000       0.0000000       0.0000000     ;   0.0000000       156583.92201677372        32032.016959630761        27819.944825834489        226124.19050781472        567753.99088594178        1201966.9222480070      ;   0.0000000       32032.016959630761        6906.7868677315309        6044.7636130055644        48406.957951110104        123362.52594070662        242659.12468054731      ;   0.0000000       27819.944825834489        6044.7636130055644        5323.1782290577594        42347.749278408570        108636.29323010522        211761.85687015735      ;   0.0000000       226124.19050781472        48406.957951110104        42347.749278408570        345535.69502014155        864239.80379452603        1716156.2562818793      ;   0.0000000       567753.99088594178        123362.52594070662        108636.29323010522        864239.80379452603        2217067.2667607469        4321670.6613954622      ;   0.0000000       1201966.9222480070        242659.12468054731        211761.85687015735        1716156.2562818793        4321670.6613954632        9351038.1084904876      ]
 Figure of Merit  =   67.714271379472081     
            Err[w] =  0.08030
           Err[wa] =  0.48471
         Err[wa_w] = -0.03601
      Err[ Omega_m]=      NaN
 Err[ Omega_b]=  3.53191627312780376E-004
     Err[Omega_m_w]=  0.00072
       Err[Omega_k]=      NaN
     Err[Omega_k_w]=  0.00447
          Err[H_0] =  0.01311
