           0.00566           0.00923           0.00377
           0.00413           0.00672           0.00275
           0.00321           0.00520           0.00213
           0.00272           0.00440           0.00181
           0.00236           0.00380           0.00156
           0.00216           0.00346           0.00143
           0.00205           0.00324           0.00135
           0.00194           0.00303           0.00127
           0.00193           0.00297           0.00125
           0.00195           0.00295           0.00126
           0.00201           0.00297           0.00129
           0.00212           0.00306           0.00135
           0.00232           0.00325           0.00145
           0.00260           0.00356           0.00161
           0.00300           0.00400           0.00184
           0.00356           0.00465           0.00217
           0.00551           0.00709           0.00333
           0.00060           0.00090           0.00039
 *** Error on w, with  Om0, ob0, ok0 and  H0 marginalized over ***
 The Fisher Matrix = [   0.0000000       0.0000000       0.0000000       0.0000000       0.0000000       0.0000000       0.0000000     ;   0.0000000       243041.09687099993        52767.516895608263        47435.719126555479        352970.19726335467        968075.92586009484        1891366.8973636508      ;   0.0000000       52767.516895608263        12040.689053429185        10975.118744192798        80497.940947727300        223982.02104542300        409051.23276056873      ;   0.0000000       47435.719126555479        10975.118744192798        10107.428570498318        73427.278133316999        206274.05785384684        370195.09153915342      ;   0.0000000       352970.19726335467        80497.940947727300        73427.278133316999        553207.82117047545        1498515.9194625504        2736810.9663265976      ;   0.0000000       968075.92586009484        223982.02104542300        206274.05785384684        1498515.9194625504        4209674.7601743769        7555002.0657323999      ;   0.0000000       1891366.8973636508        409051.23276056873        370195.09153915342        2736810.9663265976        7555002.0657323999        14873671.863576580      ]
 Figure of Merit  =   120.54178990530194     
            Err[w] =  0.06981
           Err[wa] =  0.36626
         Err[wa_w] = -0.02419
      Err[ Omega_m]=      NaN
 Err[ Omega_b]=  3.11692391646418987E-004
     Err[Omega_m_w]= -0.00037
       Err[Omega_k]=      NaN
     Err[Omega_k_w]=  0.07490
          Err[H_0] =  0.00823
