           0.23333           0.56636           0.92336           0.37717           1.02692
           0.33333           0.41269           0.67171           0.27464           1.01622
           0.43333           0.32050           0.52028           0.21306           0.99317
           0.53333           0.27192           0.43986           0.18051           0.96113
           0.63333           0.23616           0.37996           0.15643           0.92281
           0.73333           0.21631           0.34563           0.14288           0.88039
           0.83333           0.20466           0.32410           0.13470           0.83558
           0.93333           0.19413           0.30334           0.12709           0.78974
           1.03333           0.19275           0.29677           0.12544           0.74385
           1.13333           0.19500           0.29477           0.12598           0.69866
           1.23333           0.20086           0.29681           0.12859           0.65469
           1.33333           0.21234           0.30586           0.13454           0.61232
           1.43333           0.23181           0.32545           0.14536           0.57178
           1.53333           0.26022           0.35604           0.16146           0.53322
           1.63333           0.29969           0.39977           0.18402           0.49671
           1.73333           0.35605           0.46474           0.21666           0.46226
           1.81167           0.55067           0.70891           0.33321           0.43599
