           0.23333           0.56687           0.92381           0.37745           0.98520
           0.33333           0.41376           0.67259           0.27522           0.97197
           0.43333           0.32246           0.52188           0.21410           0.94700
           0.53333           0.27530           0.44266           0.18231           0.91361
           0.63333           0.24194           0.38482           0.15951           0.87446
           0.73333           0.22588           0.35386           0.14801           0.83166
           0.83333           0.22021           0.33785           0.14308           0.78687
           0.93333           0.21941           0.32646           0.14079           0.74137
           1.03333           0.23263           0.33439           0.14716           0.69611
           1.13333           0.25747           0.35556           0.16016           0.65177
           1.23333           0.29827           0.39453           0.18216           0.60884
           1.33333           0.36356           0.46165           0.21813           0.56766
           1.43333           0.46634           0.57220           0.27561           0.52841
           1.53333           0.62519           0.74735           0.36529           0.49123
           1.63333           0.87002           1.02261           0.50472           0.45615
           1.73333           1.25170           1.46044           0.72420           0.42318
           1.81167           2.24239           2.61835           1.29870           0.39792
