7.450500000000000579e-05 -1.605093376163594635e-16 8.853600000000001558e+01
1.039800000000000040e-04 -2.330030286145597677e-16 1.219800000000000324e+02
1.451199999999999929e-04 1.691365712354440365e-16 1.680399999999999636e+02
2.025200000000000058e-04 -4.911727197857770857e-16 2.314600000000001216e+02
2.826500000000000128e-04 0.000000000000000000e+00 3.187099999999999795e+02
3.944600000000000146e-04 0.000000000000000000e+00 4.385899999999999750e+02
5.505199999999999807e-04 9.428489253563349034e-16 6.028899999999994179e+02
7.683100000000000216e-04 -2.749046976704534478e-16 8.271000000000002501e+02
1.072299999999999989e-03 -4.020754649747691673e-16 1.131000000000000455e+03
1.496500000000000000e-03 -1.182313554465943956e-15 1.538500000000001819e+03
2.088500000000000079e-03 1.094932463850680321e-15 2.076599999999997635e+03
2.914700000000000103e-03 1.805399667864119036e-15 2.770699999999994816e+03
4.067799999999999888e-03 -2.376815489338357370e-15 3.635200000000008458e+03
4.421300000000000403e-03 4.691381640692899744e-16 3.877299999999998363e+03
4.805499999999999876e-03 4.405399378895270579e-16 4.128999999999998181e+03
5.223199999999999892e-03 -8.288100439904566800e-16 4.389400000000003274e+03
5.677100000000000028e-03 -2.148028281159890423e-15 4.657500000000010004e+03
6.170400000000000364e-03 -3.688287042349358298e-16 4.931800000000002001e+03
6.706700000000000335e-03 4.363508011116009552e-15 5.210799999999977445e+03
7.289499999999999973e-03 1.987134064285483383e-15 5.492299999999989268e+03
7.922999999999999488e-03 -7.875776773232834174e-16 5.774000000000004547e+03
8.611600000000000504e-03 -7.512883921532881576e-16 6.052900000000004184e+03
9.359900000000000858e-03 0.000000000000000000e+00 6.325800000000000182e+03
1.017299999999999975e-02 -2.622692953752669984e-15 6.588800000000017462e+03
1.105700000000000086e-02 1.064078740849898186e-15 6.837799999999992906e+03
1.201799999999999917e-02 2.573628856993487382e-16 7.067799999999998363e+03
1.306299999999999996e-02 -7.502430997906902275e-16 7.273600000000005821e+03
1.419800000000000055e-02 -3.662640587044477876e-16 7.449500000000002728e+03
1.543199999999999954e-02 8.388514279478889456e-16 7.589499999999993634e+03
1.677299999999999972e-02 1.183082538891614361e-16 7.687499999999999091e+03
1.823100000000000068e-02 -1.175437417477127271e-15 7.737500000000009095e+03
1.981499999999999928e-02 -1.411144984067328154e-15 7.734100000000011278e+03
2.153700000000000059e-02 2.489265674043236666e-15 7.672699999999980719e+03
2.340899999999999925e-02 9.636264156733812297e-16 7.550599999999993088e+03
2.544300000000000034e-02 1.481462796426653277e-15 7.366999999999989086e+03
2.765400000000000150e-02 -6.383135662761626325e-16 7.124200000000004366e+03
3.005700000000000038e-02 7.991693702147787631e-16 6.828299999999994725e+03
3.266899999999999665e-02 2.077351891324992483e-02 6.356845940623834395e+03
3.550799999999999790e-02 6.193978801452486999e-03 6.082127431620808238e+03
3.859400000000000330e-02 -9.559303838892491828e-03 5.792976825607646788e+03
4.194799999999999918e-02 -2.408362768190912967e-02 5.492581282623323204e+03
4.559400000000000258e-02 -3.446208918510648006e-02 5.183949738209277712e+03
4.955600000000000283e-02 -3.787241622767315019e-02 4.870144125406138301e+03
5.386300000000000116e-02 -3.213744661483454446e-02 4.553849081756978194e+03
5.854399999999999882e-02 -1.681624369793134968e-02 4.237763259709413433e+03
6.363099999999999312e-02 5.492120354848806230e-03 3.924347013885549131e+03
6.859800000000000619e-02 2.665433167100845699e-02 3.645725620139313833e+03
7.356500000000000539e-02 4.115004724916567630e-02 3.391442001399601395e+03
7.853200000000000458e-02 4.507836923916655469e-02 3.158997542359881663e+03
8.349900000000000377e-02 3.783254239502879812e-02 2.946140032325359243e+03
8.846600000000000297e-02 2.142514928206127461e-02 2.750862363213741901e+03
9.343300000000000216e-02 4.330525756209777088e-04 2.571386454472973583e+03
9.840000000000000135e-02 -1.979791390928502606e-02 2.406238502722098929e+03
1.033700000000000035e-01 -3.437897527993543506e-02 2.254404102925459483e+03
1.083299999999999957e-01 -4.035672749364968559e-02 2.115473591241755912e+03
1.132999999999999979e-01 -3.643474324033372375e-02 1.988137270995249764e+03
1.182700000000000001e-01 -2.413119054570360411e-02 1.871972935605496332e+03
1.232300000000000062e-01 -6.627106152906351438e-03 1.766506828270784354e+03
1.282000000000000084e-01 1.171613188283222168e-02 1.670626717055989047e+03
1.331700000000000106e-01 2.645398040338268683e-02 1.583315015604808877e+03
1.381400000000000128e-01 3.438550997754896005e-02 1.503114636663603733e+03
1.431000000000000050e-01 3.378065121689809158e-02 1.428929820132673285e+03
1.480700000000000072e-01 2.536947997537955177e-02 1.359412413985122157e+03
1.530400000000000094e-01 1.149595197901041345e-02 1.293826235724922526e+03
1.580000000000000016e-01 -4.418088199691361240e-03 1.231541057011417479e+03
1.629700000000000037e-01 -1.839839867994285880e-02 1.171962228314361937e+03
1.679400000000000059e-01 -2.789991245256363134e-02 1.115420123801900672e+03
1.728999999999999981e-01 -3.108294097641369977e-02 1.062216822807478593e+03
1.778700000000000003e-01 -2.758384524127690737e-02 1.012282647900106554e+03
1.828400000000000025e-01 -1.850148418801228489e-02 9.658292750608578672e+02
1.878100000000000047e-01 -6.101646057483315483e-03 9.229213393516220094e+02
1.927699999999999969e-01 6.526877706157115794e-03 8.836525081446011427e+02
1.977399999999999991e-01 1.679847605951637762e-02 8.475425763222301612e+02
2.027100000000000013e-01 2.266130615859820660e-02 8.141013989541567071e+02
2.076699999999999935e-01 2.311892517993203999e-02 7.828806410350924807e+02
2.126399999999999957e-01 1.858245411501356636e-02 7.533116213617389576e+02
2.176099999999999979e-01 1.029795151165345014e-02 7.250732310245116423e+02
2.225699999999999901e-01 3.243116283772121133e-04 6.978836682111445953e+02
2.275399999999999923e-01 -8.874695650278470113e-03 6.714085465072477064e+02
2.366399999999999892e-01 -1.858512887435846000e-02 6.252605478620685062e+02
2.461099999999999954e-01 -1.516567576034982823e-02 5.811738948496697503e+02
2.559500000000000108e-01 -1.626646056651104635e-03 5.403289239133782758e+02
2.661899999999999822e-01 1.085076430513059326e-02 5.034472129521810189e+02
2.768300000000000205e-01 1.228889746199911953e-02 4.697769591193722931e+02
2.878999999999999893e-01 2.586191600144520722e-03 4.379673325633868899e+02
2.994200000000000195e-01 -7.700193545577188603e-03 4.069435440513182698e+02
3.113900000000000001e-01 -8.693503252965199130e-03 3.770882176467670206e+02
3.238500000000000267e-01 -3.963556784345716871e-04 3.492884424575796061e+02
3.367999999999999883e-01 6.398553413291028537e-03 3.242055534493686082e+02
3.502700000000000258e-01 4.196765135485801268e-03 3.011760349170164091e+02
3.642799999999999927e-01 -2.658963786478828542e-03 2.792725756652505424e+02
3.788500000000000201e-01 -4.281711363852449583e-03 2.582557766938505779e+02
3.940000000000000169e-01 3.644152876307845193e-04 2.386830202585199174e+02
4.097600000000000131e-01 3.059990064280287535e-03 2.208741273648071228e+02
4.261499999999999733e-01 2.587673620777579918e-04 2.043871112863697306e+02
4.431899999999999729e-01 -2.045508219852157882e-03 1.887661226555214853e+02
4.609199999999999964e-01 2.610640839215811436e-04 1.740845527757047080e+02
5.756099999999999550e-01 -1.058029540843049426e-04 1.097916162773358337e+02
7.188499999999999890e-01 0.000000000000000000e+00 6.813800000000000523e+01
8.977399999999999824e-01 5.110470157225436729e-16 4.171099999999997721e+01
1.121099999999999985e+00 1.126906523547997215e-15 2.522099999999997166e+01
1.400099999999999900e+00 7.067264131292030538e-16 1.508099999999998886e+01
1.748599999999999932e+00 0.000000000000000000e+00 8.928499999999999659e+00
2.183699999999999974e+00 1.695449966976148904e-16 5.238599999999999035e+00
2.727100000000000080e+00 -1.456651063896291710e-16 3.048700000000000632e+00
3.405699999999999950e+00 -1.260829055278128928e-16 1.761100000000000332e+00
4.253199999999999648e+00 0.000000000000000000e+00 1.010599999999999943e+00
5.311700000000000088e+00 -1.926366881170781258e-16 5.763300000000001200e-01
6.633499999999999730e+00 1.698367790462225483e-16 3.268499999999999184e-01
8.284200000000000230e+00 3.010039650323058619e-16 1.844199999999999451e-01
1.034600000000000009e+01 -5.360288840407280394e-16 1.035600000000000548e-01
1.291999999999999993e+01 -3.594909286036279244e-16 5.790600000000001302e-02
1.613500000000000156e+01 6.455385527869786221e-16 3.224699999999997707e-02
2.015099999999999980e+01 1.939213544214193922e-16 1.789099999999999718e-02
2.516499999999999915e+01 1.227650999548862634e-15 9.891299999999988296e-03
3.142699999999999960e+01 -1.113919965860422590e-15 5.450600000000005961e-03
3.924799999999999756e+01 -2.896903035932010014e-16 2.994100000000000841e-03
4.901500000000000057e+01 -7.934638086129196246e-16 1.639700000000001313e-03
6.121200000000000330e+01 1.453289181652525688e-15 8.952399999999986454e-04
7.644499999999999318e+01 1.335059934103565936e-15 4.872599999999993430e-04
9.546800000000000352e+01 8.204019314331695841e-16 2.643099999999998055e-04
1.192300000000000040e+02 1.897714367579476384e-15 1.428299999999997421e-04
1.488899999999999864e+02 8.820159030073292975e-16 7.682699999999993376e-05
1.859499999999999886e+02 -1.154529513112833828e-15 4.108500000000004455e-05
2.322199999999999989e+02 -5.438413786544435096e-15 2.180500000000011734e-05
2.900099999999999909e+02 1.478629566647989011e-16 1.145699999999999890e-05
3.621700000000000159e+02 -4.276216413844405696e-16 5.942400000000002601e-06
4.523000000000000114e+02 2.792354939191338984e-16 3.033399999999999197e-06
5.648600000000000136e+02 -1.391498467693357115e-16 1.521800000000000194e-06
