  0.10000000000000001        5216.3897042345352       -1302.8743595001356       -1302.8743595001356        1949.4314627055605     
  0.20000000000000001        17828.983394114795       -4453.0655650983517       -4453.0655650983517        6662.9188500618693     
  0.29999999999999999        35632.358672516988       -8899.7351175810254       -8899.7351175810272        13316.267649855285     
  0.40000000000000002        56416.688305322117       -14090.944336137300       -14090.944336137300        21083.637193685267     
  0.50000000000000000        78461.990335543756       -19597.101004990578       -19597.101004990578        29322.248245052629     
  0.59999999999999998        100511.17246499885       -25104.226790786539       -25104.226790786539        37562.309344686757     
  0.69999999999999996        121703.55378652563       -30397.353263499495       -30397.353263499495        45482.173034947504     
  0.80000000000000004        141494.44609973437       -35340.436081212923       -35340.436081212923        52878.282371225570     
  0.90000000000000002        159577.15107952553       -39856.872571302578       -39856.872571302585        59636.020267574931     
   1.0000000000000000        175815.64671830996       -43912.689123599026       -43912.689123599026        65704.553560066415     
   1.1000000000000001        190190.68667022101       -47503.078664110726       -47503.078664110726        71076.689642774567     
   1.2000000000000000        202758.88197386748       -50642.180679453646       -50642.180679453646        75773.584784447943     
   1.3000000000000000        213622.89882980305       -53355.637648653203       -53355.637648653203        79833.606656879114     
   1.3999999999999999        222910.50373077390       -55675.361238774465       -55675.361238774451        83304.503232091171     
   1.5000000000000000        230760.31288079682       -57635.973000873244       -57635.973000873244        86238.077157995431     
   1.6000000000000001        237312.44280489988       -59272.469214476827       -59272.469214476834        88686.691771662445     
   1.7000000000000000        242702.64362331980       -60618.755581639933       -60618.755581639933        90701.078628841948     
   1.8000000000000000        247058.84691067704       -61706.785001125580       -61706.785001125580        92329.047394788853     
 *** Error on w, with  Om0, ob0, ok0 and  H0 marginalized over ***
 The Fisher Matrix = [   142893.71464676491        31759.767076255626        29439.147675153199        198477.71250338145        600798.94785871357        1257238.0107185608      ;   31759.767076255626        7394.5553146885113        6964.9723383943538        46395.928488033540        142142.29633774870        280256.08516351669      ;   29439.147675153199        6964.9723383943538        6641.0837042421708        43825.816049860456        135532.32403932296        262164.12767424481      ;   198477.71250338145        46395.928488033540        43825.816049860456        304703.88850801834        894404.43257223698        1753963.4019172837      ;   600798.94785871357        142142.29633774870        135532.32403932296        894404.43257223698        2765965.8690593448        5350288.4598089522      ;   1257238.0107185608        280256.08516351669        262164.12767424481        1753963.4019172837        5350288.4598089512        11183443.523546802      ]
 Figure of Merit  =   89.184605181215318     
            Err[w] =  0.07994
           Err[wa] =  0.42035
         Err[wa_w] = -0.03168
      Err[ Omega_m]=*********
 Err[ Omega_b]=   3.2940325832307352E-004
     Err[Omega_m_w]= -0.00144
       Err[Omega_k]=*********
     Err[Omega_k_w]=  0.04578
          Err[H_0] =  0.00865
