  0.10000000000000001        13568.920081120672       -3389.0485871354085       -3389.0485871354085        5070.8788001744379     
  0.20000000000000001        46376.912621683296       -11583.354448008307       -11583.354448008307        17331.644895353576     
  0.29999999999999999        92687.212845946910       -23150.071473581094       -23150.071473581094        34638.396030825628     
  0.40000000000000002        146751.59820183957       -36653.491772242589       -36653.491772242589        54842.947974548129     
  0.50000000000000000        204096.03615185848       -50976.156193036382       -50976.156193036382        76273.297558187158     
  0.59999999999999998        261450.56693595555       -65301.341465095305       -65301.341465095305        97707.418990180056     
  0.69999999999999996        316576.37968035444       -79069.869774031380       -79069.869774031380        118308.63999896575     
  0.80000000000000004        368056.62658032239       -91927.861356193156       -91927.861356193156        137547.46642480939     
  0.90000000000000002        415093.52122767374       -103676.05665400276       -103676.05665400278        155125.75527291582     
   1.0000000000000000        457333.24197721813       -114226.08321086565       -114226.08321086565        170911.27886287638     
   1.1000000000000001        494725.72507671971       -123565.43682622522       -123565.43682622522        184885.32772773202     
   1.2000000000000000        527418.22767752770       -131730.89726292499       -131730.89726292499        197102.93374890063     
   1.3000000000000000        555677.80602701590       -138789.16597060396       -138789.16597060396        207663.89926426092     
   1.3999999999999999        579836.80747448420       -144823.25186669728       -144823.25186669728        216692.42673276248     
   1.5000000000000000        600255.80173321231       -149923.21284278631       -149923.21284278628        224323.26567233022     
   1.6000000000000001        617299.26116348349       -154180.08153713233       -154180.08153713233        230692.62407008925     
   1.7000000000000000        631320.30019332469       -157682.05376774329       -157682.05376774332        235932.46530842077     
   1.8000000000000000        642651.69557939854       -160512.24570288431       -160512.24570288433        240167.15232139576     
 *** Error on w, with  Om0, ob0, ok0 and  H0 marginalized over ***
 The Fisher Matrix = [   0.00000000       0.00000000       0.00000000       0.00000000       0.00000000       0.00000000       0.00000000     ;   0.00000000       371696.41859041591        82613.792474888221        76577.376381075665        516282.01615356567        1562803.6404858839        3270338.8458964801      ;   0.00000000       82613.792474888236        19234.783975878687        18117.348868281591        120685.50782590783        369741.82330827927        729004.65555402322      ;   0.00000000       76577.376381075665        18117.348868281588        17274.846837303961        114000.10818904839        352547.90385906218        681943.69280442584      ;   0.00000000       516282.01615356567        120685.50782590783        114000.10818904839        792598.50531386386        2326532.8810306103        4562425.4224587567      ;   0.00000000       1562803.6404858839        369741.82330827927        352547.90385906218        2326532.8810306108        7194855.3689646618        13917218.584476318      ;   0.00000000       3270338.8458964801        729004.65555402322        681943.69280442584        4562425.4224587567        13917218.584476318        29090474.097362984      ]
 Figure of Merit  =   231.98780089187233     
            Err[w] =  0.04956
           Err[wa] =  0.26063
         Err[wa_w] = -0.01218
      Err[ Omega_m]=*********
 Err[ Omega_b]=   2.0423974679147021E-004
     Err[Omega_m_w]=  0.00004
       Err[Omega_k]=*********
     Err[Omega_k_w]= -0.00612
          Err[H_0] =  0.00536
