           0.10000           0.94056           1.53857           0.62723           0.79255
           0.20000           0.50875           0.83222           0.33928           0.81837
           0.30000           0.35987           0.58868           0.23999           0.83240
           0.40000           0.28600           0.46784           0.19073           0.83648
           0.50000           0.24252           0.39671           0.16173           0.83244
           0.60000           0.21427           0.35051           0.14289           0.82197
           0.70000           0.19472           0.31853           0.12986           0.80654
           0.80000           0.18059           0.29541           0.12043           0.78741
           0.90000           0.17005           0.27817           0.11340           0.76558
           1.00000           0.16201           0.26502           0.10804           0.74189
           1.10000           0.15577           0.25480           0.10388           0.71699
           1.20000           0.15086           0.24678           0.10061           0.69139
           1.30000           0.14698           0.24042           0.09801           0.66550
           1.40000           0.14388           0.23536           0.09595           0.63961
           1.50000           0.14141           0.23132           0.09430           0.61396
           1.60000           0.13945           0.22811           0.09299           0.58872
           1.70000           0.13789           0.22556           0.09196           0.56403
           1.80000           0.13667           0.22356           0.09114           0.53998
