           0.70000           0.40076           0.57291           0.25311           0.62756
           0.80000           0.33664           0.49678           0.21546           0.62673
           0.90000           0.32333           0.47418           0.20641           0.62408
           1.00000           0.31755           0.46140           0.20195           0.62005
           1.10000           0.31739           0.45591           0.20089           0.61498
           1.20000           0.32118           0.45569           0.20224           0.60915
           1.30000           0.32884           0.46039           0.20590           0.60278
           1.40000           0.34795           0.47745           0.21601           0.59604
           1.50000           0.37952           0.50784           0.23305           0.58906
           1.60000           0.44166           0.56981           0.26685           0.58194
           1.70000           0.56101           0.69011           0.33166           0.57478
           1.80000           0.59663           0.72671           0.35113           0.56761
           1.90000           0.85195           0.98511           0.48914           0.56050
           2.00000           1.42908           1.56558           0.79898           0.55348
