           0.02000          39.30937          93.35606          29.16267           0.56728
           0.04000          20.16608          48.17277          14.98176           0.57802
           0.06000          13.47259          32.36457          10.02251           0.58845
           0.08000          10.09081          24.37148           7.51638           0.59857
           0.10000           2.25891           5.48387           1.68465           0.60839
           0.20000           1.22635           3.04376           0.91934           0.65275
           0.30000           0.82408           2.07901           0.62011           0.68933
           0.40000           0.61776           1.57576           0.46602           0.71848
           0.50000           0.49414           1.26841           0.37330           0.74080
           0.60000           0.41269           1.06174           0.31192           0.75705
           0.70000           0.35550           0.91358           0.26863           0.76799
           0.80000           0.31349           0.80249           0.23668           0.77440
           0.90000           0.28157           0.71638           0.21228           0.77698
           1.00000           0.25668           0.64793           0.19316           0.77637
           1.10000           0.23685           0.59241           0.17787           0.77312
           1.20000           0.22079           0.54666           0.16542           0.76772
           1.30000           0.20760           0.50845           0.15514           0.76056
           1.40000           0.19665           0.47618           0.14656           0.75199
           1.50000           0.18746           0.44868           0.13932           0.74230
           1.60000           0.17968           0.42505           0.13316           0.73171
           1.70000           0.17306           0.40460           0.12789           0.72043
           1.80000           0.16738           0.38679           0.12334           0.70862
           1.90000           0.16250           0.37120           0.11939           0.69642
           2.00000           0.15827           0.35749           0.11596           0.68393
           2.00000           0.05310           0.12675           0.03945           0.68393
