           0.23333           0.57323           0.92901           0.38083           0.90316
           0.33333           0.42785           0.68421           0.28271           0.87439
           0.43333           0.35194           0.54670           0.22981           0.83607
           0.53333           0.33495           0.49440           0.21412           0.79160
           0.63333           0.36041           0.49161           0.22271           0.74361
           0.73333           0.45588           0.56878           0.27065           0.69410
           0.83333           0.66503           0.76589           0.38029           0.64454
           0.93333           1.08573           1.18152           0.60425           0.59601
           1.03333           1.94448           2.06016           1.06892           0.54925
           1.13333           3.68289           3.89028           2.02430           0.50474
           1.23333           7.20561           7.71101           3.99222           0.46276
           #1.33333          14.35573          15.70173           8.05078           0.42347
           #1.43333          28.88701          32.41790          16.42266           0.38689
           #1.53333          58.38624          67.29846          33.65203           0.35301
           #1.63333         118.15140         139.82415          68.99840           0.32173
           #1.73333         239.45765         290.64724         141.56275           0.29295
           #1.81167         548.50692         679.19514         327.33923           0.27089
