           0.40000           2.69069           4.39421           1.79317           0.83648
           0.50000           0.61248           1.00014           0.40816           0.83244
           0.60000           0.35472           0.57920           0.23638           0.82197
           0.70000           0.25414           0.41495           0.16935           0.80654
           0.80000           0.20276           0.33104           0.13511           0.78741
           0.90000           0.17218           0.28112           0.11474           0.76558
           1.00000           0.15221           0.24852           0.10143           0.74189
           1.10000           0.13836           0.22590           0.09220           0.71699
           1.20000           0.12832           0.20953           0.08551           0.69139
           1.30000           0.12083           0.19730           0.08052           0.66550
           1.40000           0.11511           0.18796           0.07671           0.63961
           1.50000           0.11066           0.18071           0.07375           0.61396
           1.60000           0.10717           0.17501           0.07142           0.58872
           1.70000           0.10440           0.17050           0.06958           0.56403
           1.80000           0.10219           0.16690           0.06811           0.53998
