           0.23333           0.56775           0.92443           0.37790           1.01196
           0.33333           0.41504           0.67356           0.27588           0.97804
           0.43333           0.32445           0.52348           0.21515           0.93333
           0.53333           0.27846           0.44534           0.18400           0.88184
           0.63333           0.24709           0.38944           0.16232           0.82660
           0.73333           0.23424           0.36176           0.15262           0.76987
           0.83333           0.23372           0.35126           0.15062           0.71332
           0.93333           0.24134           0.34941           0.15318           0.65814
           1.03333           0.26769           0.37267           0.16719           0.60515
           1.13333           0.31363           0.41914           0.19256           0.55486
           1.23333           0.38854           0.49991           0.23475           0.50757
           1.33333           0.50946           0.63616           0.30392           0.46342
           1.43333           0.70396           0.86231           0.41664           0.42243
           1.53333           1.01522           1.23284           0.59897           0.38456
           1.63333           1.51369           1.83945           0.89407           0.34969
           1.73333           2.31917           2.84173           1.37601           0.31769
           1.81167           4.33686           5.37348           2.58742           0.29359
           #1.81167           0.08458           0.12449           0.05415           0.29359
