6.277777777777777679e-01 1.209084795370290166e+01 1.179904995962249403e+00 2.779093332171309050e-01 8.114857096452516317e+08 1.768634702998767853e+10
7.277777777777777457e-01 3.436653708071927049e+00 1.319375834834108252e+00 2.893253140177019511e-01 9.703191573349875212e+08 2.114960351629393387e+10
8.277777777777777235e-01 1.860813738338060297e+00 1.452235405564626491e+00 3.005285693706116756e-01 1.117668738609918833e+09 2.436115588267837906e+10
9.277777777777778123e-01 8.494422143710259610e-01 1.578178636282417946e+00 3.115343970936580997e-01 1.251605453494318962e+09 2.727943701584215927e+10
1.027777777777777901e+00 3.156383923707042349e-01 1.717666947794250998e+00 3.223562631925699917e-01 1.371376351775071144e+09 2.988840111894846344e+10
1.127777777777777768e+00 9.326525709675684284e-02 1.900553676153547977e+00 3.330061002936774428e-01 1.477022317998853922e+09 3.218920525245932770e+10
1.227777777777777857e+00 2.740884941460252494e-02 2.105545045521661773e+00 3.434945457693867055e-01 1.569091479314433336e+09 3.419398133794561386e+10
1.327777777777777946e+00 8.018395022148981643e-03 2.332797070015379948e+00 3.538311338953967211e-01 1.648432579991584539e+09 3.592135144115406799e+10
1.427777777777777812e+00 2.336581935738045977e-03 2.584738285202356156e+00 3.640244525011369081e-01 1.716051031928961515e+09 3.739330675145890808e+10
1.527777777777777901e+00 6.785300079679083395e-04 2.864064614078415172e+00 3.740822718622340837e-01 1.773011942774012804e+09 3.863310724715329742e+10
1.627777777777777990e+00 1.964269330937622291e-04 3.173768614450027670e+00 3.840116516538419345e-01 1.820377199325905085e+09 3.966392047744068146e+10
1.727777777777777857e+00 5.670151313951815239e-05 3.517172134374981773e+00 3.938190303894004707e-01 1.859166579875541449e+09 4.050798139519699097e+10
1.827777777777777946e+00 1.632474141317405081e-05 3.897962434537089127e+00 4.035103007479840520e-01 1.890335418012400150e+09 4.118611082173326111e+10
1.927777777777778034e+00 4.688542207853719835e-06 4.320232707678357542e+00 4.130908734354803435e-01 1.914763398264528275e+09 4.171747493621640778e+10
2.027777777777778123e+00 1.343509288781791031e-06 4.788526811432074481e+00 4.225657316557999699e-01 1.933250641208677292e+09 4.211950247159883118e+10
2.127777777777778212e+00 3.841657863670485375e-07 5.307889141796572119e+00 4.319394778363905840e-01 1.946518403753846645e+09 4.240790166276678467e+10
2.227777777777777857e+00 1.096301021752583256e-07 5.883919757522487082e+00 4.412163739211724667e-01 1.955212564538779020e+09 4.259673730934028625e+10
2.327777777777778390e+00 3.122678452648710218e-08 6.522836195031806561e+00 4.504003762877175632e-01 1.959908663522407532e+09 4.269854130634966278e+10
2.427777777777778034e+00 8.878920819773281907e-09 7.231541703966898105e+00 4.594951661454079184e-01 1.961117683859640837e+09 4.272443907672164154e+10
2.527777777777778123e+00 2.520427380830294186e-09 8.017701310216237331e+00 4.685041761138246663e-01 1.959292053497016668e+09 4.268428060739251709e+10
2.627777777777778212e+00 7.143511076185903415e-10 8.889825884533456346e+00 4.774306135557124242e-01 1.954831541322124720e+09 4.258676906542839050e+10
2.727777777777778301e+00 2.021679495651463738e-10 9.857366425501991714e+00 4.862774811390966345e-01 1.948088855676913261e+09 4.243958284893843079e+10
2.827777777777778390e+00 5.713638554449795495e-11 1.093081815593772355e+01 4.950475950228935829e-01 1.939374841317862511e+09 4.224948883757186127e+10
2.927777777777778034e+00 1.612677030154808803e-11 1.212183655924794046e+01 5.037436009954224803e-01 1.928963228439623356e+09 4.202244585157551575e+10
3.017460317460317398e+00 5.180371645697944919e-12 1.335025109884327854e+01 5.114814147044032255e-01 1.522539617140826464e+09 4.179172144972943115e+10
