2.333333333333333370e-01 4.868933881371683674e+04 6.643731716968019896e-01 2.304248427303755842e-01 1.065236099652166128e+09 3.838245804426966667e+09
3.333333333333333703e-01 5.124788133367246337e+04 7.193651711875495014e-01 2.428796118824101125e-01 1.934605891339563131e+09 7.009105538700237274e+09
4.333333333333333481e-01 4.494931533215560921e+04 7.795220808908456256e-01 2.550343426870616548e-01 2.911583063957549095e+09 1.056716427532894516e+10
5.333333333333334370e-01 3.547303232709949953e+04 8.450021855081208955e-01 2.669165005781283795e-01 3.924846152221898556e+09 1.425379839578705215e+10
6.333333333333333037e-01 2.613021312301180296e+04 9.161501830323204310e-01 2.785494217523820093e-01 4.923353564323168755e+09 1.788422661790722275e+10
7.333333333333333925e-01 1.833713557764068173e+04 9.933966223423518205e-01 2.899531475085906362e-01 5.872984384347562790e+09 2.133515057381281662e+10
8.333333333333334814e-01 1.241409308015945680e+04 1.077231636766319056e+00 3.011450517666486304e-01 6.752837227694571495e+09 2.453122170687655258e+10
9.333333333333333481e-01 8.174898691694888839e+03 1.168197779080563992e+00 3.121403214911863122e-01 7.551800801279110909e+09 2.743254751403623962e+10
1.033333333333333437e+00 5.266499952646337078e+03 1.266889284137094673e+00 3.229523303048681404e-01 8.265676522585479736e+09 3.002423557538405228e+10
1.133333333333333304e+00 3.332960563270864441e+03 1.373953969937659725e+00 3.335929331085534244e-01 8.894918977202375412e+09 3.230819825173426819e+10
1.233333333333333393e+00 2.078476862417477605e+03 1.490096490878995761e+00 3.440727013191561823e-01 9.442945710977504730e+09 3.429703141937885666e+10
1.333333333333333481e+00 1.280239367795945327e+03 1.616082415838960618e+00 3.544011128092148799e-01 9.914921060768104553e+09 3.600961533862141418e+10
1.433333333333333570e+00 7.803601006040623815e+02 1.752742982741545275e+00 3.645867068327087734e-01 1.031691044957632637e+10 3.746805882356575775e+10
1.533333333333333437e+00 4.713790698928855818e+02 1.900980408311666148e+00 3.746372115609410969e-01 1.065531177517171288e+10 3.869564675226302338e+10
1.633333333333333304e+00 2.825090822410800797e+02 2.061773738700654945e+00 3.845596499576207083e-01 1.093648734768061829e+10 3.971551295797891998e+10
1.733333333333333393e+00 1.681528510064771922e+02 2.236185225564235601e+00 3.943604283523895471e-01 1.116653714635581970e+10 4.054982378332888794e+10
1.811666666666666536e+00 1.115313147644468330e+02 2.388362224174722659e+00 4.019565461603105128e-01 6.412348460797917366e+09 4.108725514916754150e+10
