2.333333333333333370e-01 1.588815287232010814e+04 7.247247615294380996e-01 2.304248427303755842e-01 1.065236099652166128e+09 3.838245804426966667e+09
3.333333333333333703e-01 1.072828975393141263e+04 7.996421965796640663e-01 2.428796118824101125e-01 1.934605891339563131e+09 7.009105538700237274e+09
4.333333333333333481e-01 6.329320286958823999e+03 8.829473445341393667e-01 2.550343426870616548e-01 2.911583063957549095e+09 1.056716427532894516e+10
5.333333333333334370e-01 3.452773870422601249e+03 9.752379536152202544e-01 2.669165005781283795e-01 3.924846152221898556e+09 1.425379839578705215e+10
6.333333333333333037e-01 1.789516963188427553e+03 1.077352170742083226e+00 2.785494217523820093e-01 4.923353564323168755e+09 1.788422661790722275e+10
7.333333333333333925e-01 8.945676025929057005e+02 1.190273208717338438e+00 2.899531475085906362e-01 5.872984384347562790e+09 2.133515057381281662e+10
8.333333333333334814e-01 4.353370060943651652e+02 1.315110664699700171e+00 3.011450517666486304e-01 6.752837227694571495e+09 2.453122170687655258e+10
9.333333333333333481e-01 2.075027745952096154e+02 1.453101572366552352e+00 3.121403214911863122e-01 7.551800801279110909e+09 2.743254751403623962e+10
1.033333333333333437e+00 9.728519310601780035e+01 1.605618658819819800e+00 3.229523303048681404e-01 8.265676522585479736e+09 3.002423557538405228e+10
1.133333333333333304e+00 4.500095968927759316e+01 1.774182142468589740e+00 3.335929331085534244e-01 8.894918977202375412e+09 3.230819825173426819e+10
1.233333333333333393e+00 2.058444242784208811e+01 1.960473956119432426e+00 3.440727013191561823e-01 9.442945710977504730e+09 3.429703141937885666e+10
1.333333333333333481e+00 9.327319023230263184e+00 2.166353985936741555e+00 3.544011128092148799e-01 9.914921060768104553e+09 3.600961533862141418e+10
1.433333333333333570e+00 4.193125184596493860e+00 2.393878383924761710e+00 3.645867068327087734e-01 1.031691044957632637e+10 3.746805882356575775e+10
1.533333333333333437e+00 1.871922563155759445e+00 2.645319942011847392e+00 3.746372115609410969e-01 1.065531177517171288e+10 3.869564675226302338e+10
1.633333333333333304e+00 8.305960360475884707e-01 2.923190717690099305e+00 3.845596499576207083e-01 1.093648734768061829e+10 3.971551295797891998e+10
1.733333333333333393e+00 3.665711811950672638e-01 3.230267016847741424e+00 3.943604283523895471e-01 1.116653714635581970e+10 4.054982378332888794e+10
1.811666666666666536e+00 1.925665404967207284e-01 3.508303189157483626e+00 4.019565461603105128e-01 6.412348460797917366e+09 4.108725514916754150e+10
