2.333333333333333370e-01 6.044217143894113542e+04 5.938048208296944352e-01 2.304248427303755842e-01 1.065236099652166128e+09 3.838245804426966667e+09
3.333333333333333703e-01 7.140624644605437061e+04 6.496638333756759032e-01 2.428796118824101125e-01 1.934605891339563131e+09 7.009105538700237274e+09
4.333333333333333481e-01 7.030541484116124047e+04 7.114009951974863410e-01 2.550343426870616548e-01 2.911583063957549095e+09 1.056716427532894516e+10
5.333333333333334370e-01 6.227492454690441082e+04 7.793059462266216375e-01 2.669165005781283795e-01 3.924846152221898556e+09 1.425379839578705215e+10
6.333333333333333037e-01 5.147553117523749825e+04 8.538663071820605799e-01 2.785494217523820093e-01 4.923353564323168755e+09 1.788422661790722275e+10
7.333333333333333925e-01 4.052280226306530676e+04 9.356726767402988587e-01 2.899531475085906362e-01 5.872984384347562790e+09 2.133515057381281662e+10
8.333333333333334814e-01 3.076414411519337591e+04 1.025395443554021790e+00 3.011450517666486304e-01 6.752837227694571495e+09 2.453122170687655258e+10
9.333333333333333481e-01 2.270998214611173171e+04 1.123780348650942118e+00 3.121403214911863122e-01 7.551800801279110909e+09 2.743254751403623962e+10
1.033333333333333437e+00 1.639451125203135234e+04 1.231650579587991956e+00 3.229523303048681404e-01 8.265676522585479736e+09 3.002423557538405228e+10
1.133333333333333304e+00 1.162205845338581275e+04 1.349911744160930738e+00 3.335929331085534244e-01 8.894918977202375412e+09 3.230819825173426819e+10
1.233333333333333393e+00 8.115360781369486176e+03 1.479558509050803661e+00 3.440727013191561823e-01 9.442945710977504730e+09 3.429703141937885666e+10
1.333333333333333481e+00 5.594956941052711954e+03 1.621682418812107951e+00 3.544011128092148799e-01 9.914921060768104553e+09 3.600961533862141418e+10
1.433333333333333570e+00 3.815633111074896533e+03 1.777480805917224460e+00 3.645867068327087734e-01 1.031691044957632637e+10 3.746805882356575775e+10
1.533333333333333437e+00 2.577762188900483125e+03 1.948266708146247250e+00 3.746372115609410969e-01 1.065531177517171288e+10 3.869564675226302338e+10
1.633333333333333304e+00 1.727201299709303385e+03 2.135479826546259119e+00 3.845596499576207083e-01 1.093648734768061829e+10 3.971551295797891998e+10
1.733333333333333393e+00 1.148926059268549807e+03 2.340698561249268561e+00 3.943604283523895471e-01 1.116653714635581970e+10 4.054982378332888794e+10
1.811666666666666536e+00 8.311294716925111743e+02 2.519966316789811867e+00 4.019565461603105128e-01 6.412348460797917366e+09 4.108725514916754150e+10
