2.333333333333333370e-01 9.097302913655908196e+04 6.394164144216359924e-01 2.304248427303755842e-01 1.065236099652166128e+09 3.838245804426966667e+09
3.333333333333333703e-01 1.550878594112563005e+05 6.622936996619217531e-01 2.428796118824101125e-01 1.934605891339563131e+09 7.009105538700237274e+09
4.333333333333333481e-01 2.248752674812731857e+05 6.861920227753817159e-01 2.550343426870616548e-01 2.911583063957549095e+09 1.056716427532894516e+10
5.333333333333334370e-01 2.968282260072877398e+05 7.110458430036510347e-01 2.669165005781283795e-01 3.924846152221898556e+09 1.425379839578705215e+10
6.333333333333333037e-01 3.684545389130692929e+05 7.368509859400419471e-01 2.785494217523820093e-01 4.923353564323168755e+09 1.788422661790722275e+10
7.333333333333333925e-01 4.379631464656100143e+05 7.636240494774919618e-01 2.899531475085906362e-01 5.872984384347562790e+09 2.133515057381281662e+10
8.333333333333334814e-01 5.040749629102707841e+05 7.913907666114903261e-01 3.011450517666486304e-01 6.752837227694571495e+09 2.453122170687655258e+10
9.333333333333333481e-01 5.658964654753779760e+05 8.201818237052336258e-01 3.121403214911863122e-01 7.551800801279110909e+09 2.743254751403623962e+10
1.033333333333333437e+00 6.228296216177425813e+05 8.500311239357765114e-01 3.229523303048681404e-01 8.265676522585479736e+09 3.002423557538405228e+10
1.133333333333333304e+00 6.745049491411085473e+05 8.809749912361415358e-01 3.335929331085534244e-01 8.894918977202375412e+09 3.230819825173426819e+10
1.233333333333333393e+00 7.207303300928018289e+05 9.130517854455935112e-01 3.440727013191561823e-01 9.442945710977504730e+09 3.429703141937885666e+10
1.333333333333333481e+00 7.614510954344886122e+05 9.463017116911772719e-01 3.544011128092148799e-01 9.914921060768104553e+09 3.600961533862141418e+10
1.433333333333333570e+00 7.967171362249768572e+05 9.807667357457175994e-01 3.645867068327087734e-01 1.031691044957632637e+10 3.746805882356575775e+10
1.533333333333333437e+00 8.266618468933261465e+05 1.016490554303200344e+00 3.746372115609410969e-01 1.065531177517171288e+10 3.869564675226302338e+10
1.633333333333333304e+00 8.514777514375264291e+05 1.053518597537797419e+00 3.845596499576207083e-01 1.093648734768061829e+10 3.971551295797891998e+10
1.733333333333333393e+00 8.714016317862988217e+05 1.091898050215267091e+00 3.943604283523895471e-01 1.116653714635581970e+10 4.054982378332888794e+10
1.811666666666666536e+00 8.837623667514635017e+05 1.122860702627098473e+00 4.019565461603105128e-01 6.412348460797917366e+09 4.108725514916754150e+10

