           0.23333           0.56684           0.92362           0.37740           1.10229
           0.33333           0.41311           0.67193           0.27484           1.07625
           0.43333           0.32088           0.52048           0.21324           1.03768
           0.53333           0.27225           0.44004           0.18066           0.99063
           0.63333           0.23639           0.38009           0.15654           0.93824
           0.73333           0.21637           0.34566           0.14291           0.88296
           0.83333           0.20440           0.32394           0.13458           0.82665
           0.93333           0.19334           0.30283           0.12670           0.77067
           1.03333           0.19110           0.29566           0.12463           0.71603
           1.13333           0.19203           0.29267           0.12450           0.66338
           1.23333           0.19582           0.29306           0.12606           0.61318
           1.33333           0.20418           0.29950           0.13040           0.56570
           1.43333           0.21904           0.31506           0.13882           0.52106
           1.53333           0.24059           0.33943           0.15133           0.47931
           1.63333           0.26986           0.37356           0.16847           0.44041
           1.73333           0.31112           0.42390           0.19303           0.40429
           1.81167           0.46880           0.63252           0.28978           0.37714
           1.81167           0.05836           0.08841           0.03779           0.37714
