           0.70000           0.80037           1.21243           0.51767           0.62756
           0.80000           0.68448           1.05917           0.44655           0.62673
           0.90000           0.65186           1.00444           0.42456           0.62408
           1.00000           0.63213           0.96771           0.41063           0.62005
           1.10000           0.62202           0.94434           0.40271           0.61498
           1.20000           0.60259           0.90473           0.38837           0.60915
           1.30000           0.56190           0.83020           0.35978           0.60278
           1.40000           0.58085           0.84323           0.36922           0.59604
           1.50000           0.56382           0.79375           0.35380           0.58906
           1.60000           0.63464           0.86114           0.39199           0.58194
           1.70000           0.73008           0.93531           0.43960           0.57478
           1.80000           0.74882           0.94551           0.44797           0.56761
           1.90000           1.03760           1.23447           0.60381           0.56050
           2.00000           1.68842           1.88465           0.95271           0.55348
          
