           0.23333           0.57286           0.92879           0.38065           0.88541
           0.33333           0.42766           0.68410           0.28262           0.86973
           0.43333           0.35255           0.54708           0.23010           0.84385
           0.53333           0.33795           0.49631           0.21554           0.81076
           0.63333           0.36952           0.49764           0.22696           0.77287
           0.73333           0.47957           0.58501           0.28149           0.73209
           0.83333           0.72323           0.80694           0.40662           0.68989
           0.93333           1.22553           1.28306           0.66758           0.64740
           1.03333           2.27837           2.31113           1.22216           0.60545
           1.13333           4.47238           4.50789           2.39430           0.56463
           1.23333           9.05012           9.21696           4.87824           0.52535
           1.33333          18.61706          19.33448          10.15052           0.48786
           1.43333          38.63909          41.09130          21.34848           0.45234
           1.53333          80.50525          87.79374          45.08966           0.41884
           1.63333         167.88994         187.75900          95.28777           0.38739
           1.73333         350.62371         401.87337         201.52483           0.35797
           1.81167         823.23846         962.34188         477.86171           0.33506
