4.023809523809524502e-01 1.092273065366518097e+02 9.324941852420937094e-01 2.513024819355474393e-01 4.337344115756441355e+08 9.441609770479715347e+09
5.023809523809523725e-01 2.948951730465618581e+01 1.025237494263827154e+00 2.632663400434682166e-01 6.017966963018651009e+08 1.311141951567246056e+10
6.023809523809524613e-01 9.329778931422637811e+00 1.133811952890397601e+00 2.749741245865657269e-01 7.697029161753276587e+08 1.677502033622800255e+10
7.023809523809525501e-01 2.828460599861274183e+00 1.257983125791322987e+00 2.864468214107224742e-01 9.309592366942287683e+08 2.029153167871098709e+10
8.023809523809524169e-01 8.241883693953049317e-01 1.400294782052103448e+00 2.977025727898950924e-01 1.081464672832616806e+09 2.357217585957389832e+10
9.023809523809525057e-01 2.319382726607582268e-01 1.562940325861163826e+00 3.087571983377252471e-01 1.218918303193232775e+09 2.656730798848177338e+10
1.002380952380952595e+00 6.335848784619695084e-02 1.748421340898075993e+00 3.196245982298505095e-01 1.342308762736728907e+09 2.925527753502563858e+10
1.102380952380952461e+00 1.687502992048962869e-02 1.959583058685585355e+00 3.303170698599026678e-01 1.451506026852321386e+09 3.163354006551866913e+10
1.202380952380952550e+00 4.397757698281301239e-03 2.201543129086804829e+00 3.408455597356567224e-01 1.546951837695806980e+09 3.371192747006528854e+10
1.302380952380952417e+00 3.243222443958880541e-03 2.442775894004425297e+00 3.512198661899879060e-01 1.629434420149821997e+09 3.550775683507580566e+10
1.402380952380952506e+00 1.813752276776591519e-03 2.639044666222076341e+00 3.614488042233270915e-01 1.699930197138243437e+09 3.704239771191786194e+10
1.502380952380952595e+00 7.691897422024291655e-04 2.851916664150914826e+00 3.715403408289243981e-01 1.759496228775012016e+09 3.833894182278303528e+10
1.602380952380952461e+00 2.896736559099803579e-04 3.077569604441384055e+00 3.815017070511395048e-01 1.809199707471442223e+09 3.942067721228366089e+10
1.702380952380952550e+00 1.019859286266731641e-04 3.315329831739340261e+00 3.913394915147628828e-01 1.850073768872746706e+09 4.031013315964987946e+10
1.802380952380952639e+00 3.436685009572601344e-05 3.564915871760067745e+00 4.010597190593565009e-01 1.883091538310168266e+09 4.102852028698032379e+10
1.902380952380952506e+00 1.122745715136877164e-05 3.826036870490729491e+00 4.106679172959641910e-01 1.909152518029965401e+09 4.159543791809548950e+10
2.002380952380952372e+00 3.583971908411658082e-06 4.098269491916489926e+00 4.201691732921842837e-01 1.929077114340883493e+09 4.202875758031963348e+10
2.102380952380952905e+00 1.123638864184204762e-06 4.380991069313407316e+00 4.295681821287999913e-01 1.943606367773968458e+09 4.234461899458798981e+10
2.202380952380952550e+00 9.142055015506039375e-07 4.783252416248465089e+00 4.388692887172155332e-01 1.953404867909641743e+09 4.255749483236180115e+10
2.302380952380952195e+00 3.128133410531134155e-06 5.108811993844105004e+00 4.480765239936491118e-01 1.959065489167539120e+09 4.268029471412082672e+10
2.402380952380952728e+00 2.107802291599730575e-06 5.526130312779696574e+00 4.571936363931312641e-01 1.961115043278965473e+09 4.272448888186051941e+10
2.502380952380952372e+00 1.101468813568979994e-06 5.987070951920483886e+00 4.662241193391216121e-01 1.960020262400424719e+09 4.270023887257167816e+10
2.602380952380952905e+00 5.156287327239343091e-07 6.487100256683426380e+00 4.751712353521758136e-01 1.956193744609074354e+09 4.261652723607470703e+10
2.702380952380952550e+00 2.268625654767657242e-07 7.027540211262701675e+00 4.840380372755279104e-01 1.949999640719988585e+09 4.248128152717669678e+10
2.802380952380952639e+00 9.589681928504436806e-08 7.610879600173935167e+00 4.928273870307114390e-01 1.941758959472069502e+09 4.230148992511746979e+10
2.902380952380952728e+00 3.941438617772840564e-08 8.240096656687168064e+00 5.015419722478607900e-01 1.931754432400239944e+09 4.208330722339118195e+10
3.002380952380952372e+00 1.586568609454436215e-08 8.918497850199424093e+00 5.101843210596678224e-01 1.920234920862007856e+09 4.183215082252702332e+10
