2.333333333333333370e-01 4.190066589757252223e+04 6.817486547510821504e-01 2.304248427303755842e-01 1.065236099652166128e+09 3.838245804426966667e+09
3.333333333333333703e-01 4.100036425556523318e+04 7.389629476059401680e-01 2.428796118824101125e-01 1.934605891339563131e+09 7.009105538700237274e+09
4.333333333333333481e-01 3.346248001334730361e+04 8.016142570495881081e-01 2.550343426870616548e-01 2.911583063957549095e+09 1.056716427532894516e+10
5.333333333333334370e-01 2.458129164599311480e+04 8.698792366262134701e-01 2.669165005781283795e-01 3.924846152221898556e+09 1.425379839578705215e+10
6.333333333333333037e-01 1.685578783661605485e+04 9.441296318995449077e-01 2.785494217523820093e-01 4.923353564323168755e+09 1.788422661790722275e+10
7.333333333333333925e-01 1.101031500135389615e+04 1.024827831944274070e+00 2.899531475085906362e-01 5.872984384347562790e+09 2.133515057381281662e+10
8.333333333333334814e-01 6.936943855560717566e+03 1.112499825502880846e+00 3.011450517666486304e-01 6.752837227694571495e+09 2.453122170687655258e+10
9.333333333333333481e-01 4.250285650747045111e+03 1.207728000820184500e+00 3.121403214911863122e-01 7.551800801279110909e+09 2.743254751403623962e+10
1.033333333333333437e+00 2.546956252682387913e+03 1.311150625054388286e+00 3.229523303048681404e-01 8.265676522585479736e+09 3.002423557538405228e+10
1.133333333333333304e+00 1.498867799713060322e+03 1.423464075094426295e+00 3.335929331085534244e-01 8.894918977202375412e+09 3.230819825173426819e+10
1.233333333333333393e+00 8.689101552177514804e+02 1.545426491982337502e+00 3.440727013191561823e-01 9.442945710977504730e+09 3.429703141937885666e+10
1.333333333333333481e+00 4.973652056985657737e+02 1.677862315857046482e+00 3.544011128092148799e-01 9.914921060768104553e+09 3.600961533862141418e+10
1.433333333333333570e+00 2.816420790361105446e+02 1.821667553440113219e+00 3.645867068327087734e-01 1.031691044957632637e+10 3.746805882356575775e+10
1.533333333333333437e+00 1.579955896219106819e+02 1.977815654022348379e+00 3.746372115609410969e-01 1.065531177517171288e+10 3.869564675226302338e+10
1.633333333333333304e+00 8.790886061912577532e+01 2.147363985666016273e+00 3.845596499576207083e-01 1.093648734768061829e+10 3.971551295797891998e+10
1.733333333333333393e+00 4.856056180791139099e+01 2.331460894417723750e+00 3.943604283523895471e-01 1.116653714635581970e+10 4.054982378332888794e+10
1.811666666666666536e+00 3.037362633910045773e+01 2.493087162562069192e+00 4.019565461603105128e-01 6.412348460797917366e+09 4.108725514916754150e+10
